--Ag Data--

0.1879 1.07 1.212
0.1916 1.10 1.232
0.1953 1.12 1.255
0.1993 1.14 1.277
0.2033 1.15 1.296
0.2073 1.18 1.312
0.2119 1.20 1.325
0.2164 1.22 1.336
0.2214 1.25 1.342
0.2262 1.26 1.344
0.2313 1.28 1.357
0.2371 1.28 1.367
0.2426 1.30 1.378
0.2490 1.31 1.389
0.2551 1.33 1.393
0.2616 1.35 1.387
0.2689 1.38 1.372
0.2761 1.41 1.331
0.2844 1.41 1.264
0.2924 1.39 1.161
0.3009 1.34 0.964
0.3107 1.13 0.616
0.3204 0.81 0.392
0.3315 0.17 0.829
0.3425 0.14 1.142
0.3542 0.10 1.419
0.3679 0.07 1.657
0.3815 0.05 1.864
0.3974 0.05 2.070
0.4133 0.05 2.275
0.4305 0.04 2.462
0.4509 0.04 2.657
0.4714 0.05 2.869
0.4959 0.05 3.093
0.5209 0.05 3.324
0.5486 0.06 3.586
0.5821 0.05 3.858
0.6168 0.06 4.152
0.6595 0.05 4.483
0.7045 0.04 4.838
0.7560 0.03 5.242
0.8211 0.04 5.727
0.8920 0.04 6.312
0.9840 0.04 6.992
1.0880 0.04 7.795
1.2160 0.09 8.828
1.3930 0.13 10.10
1.6100 0.15 11.85
1.9370 0.24 14.08

--cSi Data--

0.2066 1.010 2.909
0.2101 1.083 2.982
0.2138 1.133 3.045
0.2175 1.186 3.120
0.2214 1.247 3.206
0.2254 1.340 3.302
0.2296 1.471 3.366
0.2339 1.579 3.353
0.2384 1.589 3.354
0.2431 1.571 3.429
0.2480 1.570 3.565
0.2530 1.597 3.749
0.2583 1.658 3.979
0.2638 1.764 4.278
0.2695 1.988 4.678
0.2755 2.452 5.082
0.2818 3.120 5.344
0.2883 4.087 5.395
0.2952 4.888 4.639
0.3024 5.020 3.979
0.3100 5.010 3.586
0.3179 5.016 3.346
0.3263 5.065 3.182
0.3351 5.156 3.058
0.3444 5.296 2.987
0.3542 5.610 3.014
0.3647 6.522 2.705
0.3757 6.709 1.320
0.3875 6.062 0.630
0.3999 5.570 0.387
0.4133 5.222 0.269
0.4275 4.961 0.203
0.4428 4.753 0.163
0.4592 4.583 0.130
0.4769 4.442 0.090
0.4959 4.320 0.073
0.5166 4.215 0.060
0.5391 4.123 0.048
0.5636 4.042 0.032
0.5904 3.969 0.030
0.6199 3.906 0.022
0.6525 3.847 0.016
0.6888 3.796 0.013
0.7293 3.752 0.010
0.7749 3.714 0.008
0.8266 3.673 0.005

--Al Data--

6.1992e-02 6.6415e-01 9.2039e-03
6.4630e-02 6.2647e-01 1.1074e-02
6.7381e-02 5.8276e-01 1.3512e-02
7.0249e-02 5.3121e-01 1.6828e-02
7.3239e-02 4.6884e-01 2.1649e-02
7.6355e-02 3.9013e-01 2.9549e-02
7.9605e-02 2.8200e-01 4.6438e-02
8.2993e-02 1.1588e-01 1.2841e-01
8.6525e-02 5.5295e-02 3.0590e-01
9.0208e-02 4.4408e-02 4.3313e-01
9.4047e-02 4.0584e-02 5.3919e-01
9.8049e-02 3.9232e-02 6.3492e-01
1.0222e-01 3.9141e-02 7.2492e-01
1.0657e-01 3.9857e-02 8.1159e-01
1.1111e-01 4.1181e-02 8.9644e-01
1.1584e-01 4.3024e-02 9.8045e-01
1.2077e-01 4.5350e-02 1.0643e+00
1.2591e-01 4.8158e-02 1.1487e+00
1.3127e-01 5.1461e-02 1.2338e+00
1.3685e-01 5.5281e-02 1.3202e+00
1.4268e-01 5.9640e-02 1.4080e+00
1.4875e-01 6.4557e-02 1.4975e+00
1.5508e-01 7.0040e-02 1.5890e+00
1.6168e-01 7.6091e-02 1.6826e+00
1.6856e-01 8.2703e-02 1.7786e+00
1.7573e-01 8.9866e-02 1.8771e+00
1.8321e-01 9.7571e-02 1.9783e+00
1.9101e-01 1.0582e-01 2.0826e+00
1.9914e-01 1.1461e-01 2.1901e+00
2.0762e-01 1.2398e-01 2.3011e+00
2.1645e-01 1.3398e-01 2.4159e+00
2.2566e-01 1.4468e-01 2.5347e+00
2.3527e-01 1.5617e-01 2.6578e+00
2.4528e-01 1.6860e-01 2.7856e+00
2.5572e-01 1.8210e-01 2.9182e+00
2.6660e-01 1.9687e-01 3.0560e+00
2.7795e-01 2.1312e-01 3.1992e+00
2.8978e-01 2.3109e-01 3.3482e+00
3.0211e-01 2.5107e-01 3.5030e+00
3.1497e-01 2.7336e-01 3.6640e+00
3.2837e-01 2.9832e-01 3.8313e+00
3.4235e-01 3.2634e-01 4.0052e+00
3.5692e-01 3.5785e-01 4.1856e+00
3.7211e-01 3.9330e-01 4.3726e+00
3.8795e-01 4.3317e-01 4.5661e+00
4.0446e-01 4.7790e-01 4.7659e+00
4.2167e-01 5.2788e-01 4.9717e+00
4.3962e-01 5.8336e-01 5.1830e+00
4.5833e-01 6.4439e-01 5.3994e+00
4.7783e-01 7.1074e-01 5.6203e+00
4.9817e-01 7.8186e-01 5.8455e+00
5.1937e-01 8.5697e-01 6.0750e+00
5.4147e-01 9.3525e-01 6.3099e+00
5.6452e-01 1.0162e+00 6.5519e+00
5.8855e-01 1.1005e+00 6.8042e+00
6.1359e-01 1.1911e+00 7.0711e+00
6.3971e-01 1.2952e+00 7.3576e+00
6.6693e-01 1.4286e+00 7.6672e+00
6.9532e-01 1.6203e+00 7.9931e+00
7.2491e-01 1.9115e+00 8.2933e+00
7.5576e-01 2.3052e+00 8.4555e+00
7.8793e-01 2.6523e+00 8.3611e+00
8.2146e-01 2.7061e+00 8.1106e+00
8.5642e-01 2.4465e+00 7.9982e+00
8.9287e-01 2.0948e+00 8.1553e+00
9.3087e-01 1.8089e+00 8.4990e+00
9.7049e-01 1.6120e+00 8.9296e+00
1.0118e+00 1.4821e+00 9.3982e+00
1.0549e+00 1.3974e+00 9.8877e+00
1.0997e+00 1.3440e+00 1.0393e+01
1.1465e+00 1.3136e+00 1.0915e+01
1.1953e+00 1.3012e+00 1.1452e+01
1.2462e+00 1.3039e+00 1.2007e+01
1.2993e+00 1.3197e+00 1.2581e+01
1.3546e+00 1.3476e+00 1.3173e+01
1.4122e+00 1.3868e+00 1.3786e+01
1.4723e+00 1.4370e+00 1.4421e+01
1.5350e+00 1.4979e+00 1.5077e+01
1.6003e+00 1.5694e+00 1.5757e+01
1.6684e+00 1.6518e+00 1.6460e+01
1.7394e+00 1.7451e+00 1.7188e+01
1.8134e+00 1.8497e+00 1.7942e+01
1.8906e+00 1.9659e+00 1.8723e+01
1.9711e+00 2.0942e+00 1.9531e+01
2.0550e+00 2.2349e+00 2.0367e+01
2.1424e+00 2.3887e+00 2.1233e+01
2.2336e+00 2.5562e+00 2.2128e+01
2.3287e+00 2.7379e+00 2.3054e+01
2.4278e+00 2.9346e+00 2.4012e+01
2.5311e+00 3.1468e+00 2.5002e+01
2.6388e+00 3.3754e+00 2.6025e+01
2.7511e+00 3.6209e+00 2.7082e+01
2.8682e+00 3.8841e+00 2.8173e+01
2.9903e+00 4.1657e+00 2.9300e+01
3.1175e+00 4.4664e+00 3.0463e+01
3.2502e+00 4.7867e+00 3.1662e+01
3.3885e+00 5.1273e+00 3.2898e+01
3.5328e+00 5.4887e+00 3.4172e+01
3.6831e+00 5.8714e+00 3.5484e+01
3.8399e+00 6.2757e+00 3.6836e+01
4.0033e+00 6.7019e+00 3.8228e+01
4.1737e+00 7.1501e+00 3.9660e+01
4.3513e+00 7.6206e+00 4.1135e+01
4.5365e+00 8.1133e+00 4.2652e+01
4.7296e+00 8.6281e+00 4.4214e+01
4.9308e+00 9.1649e+00 4.5821e+01
5.1407e+00 9.7236e+00 4.7476e+01
5.3595e+00 1.0304e+01 4.9180e+01
5.5876e+00 1.0906e+01 5.0936e+01
5.8254e+00 1.1530e+01 5.2747e+01
6.0733e+00 1.2175e+01 5.4615e+01
6.3318e+00 1.2843e+01 5.6545e+01
6.6013e+00 1.3534e+01 5.8539e+01
6.8822e+00 1.4250e+01 6.0601e+01
7.1751e+00 1.4991e+01 6.2736e+01
7.4805e+00 1.5760e+01 6.4948e+01
7.7988e+00 1.6560e+01 6.7242e+01
8.1307e+00 1.7394e+01 6.9620e+01
8.4768e+00 1.8266e+01 7.2089e+01
8.8376e+00 1.9179e+01 7.4651e+01
9.2137e+00 2.0140e+01 7.7311e+01
9.6058e+00 2.1153e+01 8.0072e+01
1.0015e+01 2.2224e+01 8.2936e+01
1.0441e+01 2.3359e+01 8.5906e+01
1.0885e+01 2.4565e+01 8.8985e+01
1.1348e+01 2.5849e+01 9.2173e+01
1.1831e+01 2.7217e+01 9.5470e+01
1.2335e+01 2.8677e+01 9.8878e+01
1.2860e+01 3.0235e+01 1.0239e+02
1.3407e+01 3.1898e+01 1.0602e+02
1.3978e+01 3.3672e+01 1.0975e+02
1.4573e+01 3.5565e+01 1.1359e+02
1.5193e+01 3.7582e+01 1.1752e+02
1.5840e+01 3.9728e+01 1.2156e+02
1.6514e+01 4.2010e+01 1.2568e+02
1.7216e+01 4.4432e+01 1.2990e+02
1.7949e+01 4.6998e+01 1.3420e+02
1.8713e+01 4.9712e+01 1.3858e+02
1.9510e+01 5.2578e+01 1.4304e+02
2.0340e+01 5.5597e+01 1.4757e+02
2.1206e+01 5.8773e+01 1.5216e+02
2.2108e+01 6.2105e+01 1.5681e+02
2.3049e+01 6.5596e+01 1.6151e+02
2.4030e+01 6.9244e+01 1.6626e+02
2.5053e+01 7.3050e+01 1.7106e+02
2.6119e+01 7.7013e+01 1.7589e+02
2.7230e+01 8.1130e+01 1.8076e+02
2.8389e+01 8.5400e+01 1.8565e+02
2.9598e+01 8.9820e+01 1.9058e+02
3.0857e+01 9.4387e+01 1.9553e+02
3.2170e+01 9.9098e+01 2.0050e+02
3.3540e+01 1.0395e+02 2.0549e+02
3.4967e+01 1.0894e+02 2.1050e+02
3.6455e+01 1.1406e+02 2.1553e+02
3.8007e+01 1.1931e+02 2.2057e+02
3.9624e+01 1.2469e+02 2.2563e+02
4.1311e+01 1.3018e+02 2.3071e+02
4.3069e+01 1.3580e+02 2.3582e+02
4.4902e+01 1.4153e+02 2.4094e+02
4.6813e+01 1.4737e+02 2.4609e+02
4.8805e+01 1.5332e+02 2.5127e+02
5.0882e+01 1.5938e+02 2.5648e+02
5.3048e+01 1.6554e+02 2.6173e+02
5.5305e+01 1.7180e+02 2.6701e+02
5.7659e+01 1.7817e+02 2.7234e+02
6.0113e+01 1.8463e+02 2.7772e+02
6.2671e+01 1.9119e+02 2.8315e+02
6.5339e+01 1.9785e+02 2.8863e+02
6.8119e+01 2.0461e+02 2.9418e+02
7.1019e+01 2.1147e+02 2.9980e+02
7.4041e+01 2.1842e+02 3.0549e+02
7.7192e+01 2.2547e+02 3.1126e+02
8.0478e+01 2.3263e+02 3.1711e+02
8.3903e+01 2.3988e+02 3.2305e+02
8.7473e+01 2.4724e+02 3.2908e+02
9.1196e+01 2.5471e+02 3.3521e+02
9.5078e+01 2.6228e+02 3.4145e+02
9.9124e+01 2.6996e+02 3.4779e+02
1.0334e+02 2.7776e+02 3.5425e+02
1.0774e+02 2.8567e+02 3.6082e+02
1.1233e+02 2.9370e+02 3.6752e+02
1.1711e+02 3.0185e+02 3.7434e+02
1.2209e+02 3.1012e+02 3.8130e+02
1.2729e+02 3.1852e+02 3.8840e+02
1.3270e+02 3.2705e+02 3.9564e+02
1.3835e+02 3.3572e+02 4.0303e+02
1.4424e+02 3.4453e+02 4.1057e+02
1.5038e+02 3.5348e+02 4.1826e+02
1.5678e+02 3.6257e+02 4.2612e+02
1.6345e+02 3.7182e+02 4.3415e+02
1.7041e+02 3.8122e+02 4.4234e+02
1.7766e+02 3.9078e+02 4.5071e+02
1.8522e+02 4.0050e+02 4.5926e+02
1.9310e+02 4.1039e+02 4.6800e+02
2.0132e+02 4.2045e+02 4.7693e+02
2.0989e+02 4.3068e+02 4.8605e+02
2.1882e+02 4.4110e+02 4.9537e+02
2.2814e+02 4.5171e+02 5.0490e+02
2.3785e+02 4.6250e+02 5.1463e+02
2.4797e+02 4.7349e+02 5.2458e+02

--Au Data--

0.1879 1.28 1.188
0.1916 1.32 1.203
0.1953 1.34 1.226
0.1993 1.33 1.251
0.2033 1.33 1.277
0.2073 1.30 1.304
0.2119 1.30 1.350
0.2164 1.30 1.387
0.2214 1.30 1.427
0.2262 1.31 1.460
0.2313 1.30 1.497
0.2371 1.32 1.536
0.2426 1.32 1.577
0.2490 1.33 1.631
0.2551 1.33 1.688
0.2616 1.35 1.749
0.2689 1.38 1.803
0.2761 1.43 1.847
0.2844 1.47 1.869
0.2924 1.49 1.878
0.3009 1.53 1.889
0.3107 1.53 1.893
0.3204 1.54 1.898
0.3315 1.48 1.883
0.3425 1.48 1.871
0.3542 1.50 1.866
0.3679 1.48 1.895
0.3815 1.46 1.933
0.3974 1.47 1.952
0.4133 1.46 1.958
0.4305 1.45 1.948
0.4509 1.38 1.914
0.4714 1.31 1.849
0.4959 1.04 1.833
0.5209 0.62 2.081
0.5486 0.43 2.455
0.5821 0.29 2.863
0.6168 0.21 3.272
0.6595 0.14 3.697
0.7045 0.13 4.103
0.7560 0.14 4.542
0.8211 0.16 5.083
0.8920 0.17 5.663
0.9840 0.22 6.350
1.0880 0.27 7.150
1.2160 0.35 8.145
1.3930 0.43 9.519
1.6100 0.56 11.21
1.9370 0.92 13.78

--Be Data--

2.4797e-01 1.6444e+00 2.9702e+00
2.5494e-01 1.7278e+00 3.0024e+00
2.6212e-01 1.8112e+00 3.0308e+00
2.6949e-01 1.8942e+00 3.0554e+00
2.7707e-01 1.9763e+00 3.0766e+00
2.8487e-01 2.0573e+00 3.0944e+00
2.9288e-01 2.1368e+00 3.1091e+00
3.0112e-01 2.2147e+00 3.1210e+00
3.0960e-01 2.2907e+00 3.1302e+00
3.1831e-01 2.3646e+00 3.1372e+00
3.2726e-01 2.4362e+00 3.1420e+00
3.3647e-01 2.5055e+00 3.1450e+00
3.4594e-01 2.5723e+00 3.1464e+00
3.5567e-01 2.6366e+00 3.1466e+00
3.6568e-01 2.6983e+00 3.1456e+00
3.7596e-01 2.7574e+00 3.1439e+00
3.8654e-01 2.8139e+00 3.1415e+00
3.9742e-01 2.8678e+00 3.1388e+00
4.0860e-01 2.9190e+00 3.1358e+00
4.2009e-01 2.9677e+00 3.1328e+00
4.3191e-01 3.0138e+00 3.1300e+00
4.4406e-01 3.0574e+00 3.1275e+00
4.5656e-01 3.0984e+00 3.1255e+00
4.6940e-01 3.1370e+00 3.1241e+00
4.8261e-01 3.1731e+00 3.1235e+00
4.9619e-01 3.2068e+00 3.1238e+00
5.1015e-01 3.2381e+00 3.1250e+00
5.2450e-01 3.2670e+00 3.1275e+00
5.3926e-01 3.2937e+00 3.1312e+00
5.5443e-01 3.3180e+00 3.1362e+00
5.7003e-01 3.3400e+00 3.1427e+00
5.8606e-01 3.3597e+00 3.1508e+00
6.0255e-01 3.3772e+00 3.1606e+00
6.1950e-01 3.3924e+00 3.1723e+00
6.3693e-01 3.4054e+00 3.1858e+00
6.5485e-01 3.4161e+00 3.2013e+00
6.7328e-01 3.4246e+00 3.2191e+00
6.9222e-01 3.4308e+00 3.2390e+00
7.1170e-01 3.4348e+00 3.2614e+00
7.3172e-01 3.4366e+00 3.2863e+00
7.5231e-01 3.4360e+00 3.3139e+00
7.7347e-01 3.4332e+00 3.3443e+00
7.9523e-01 3.4282e+00 3.3777e+00
8.1761e-01 3.4209e+00 3.4142e+00
8.4061e-01 3.4113e+00 3.4540e+00
8.6426e-01 3.3994e+00 3.4973e+00
8.8857e-01 3.3853e+00 3.5442e+00
9.1357e-01 3.3690e+00 3.5951e+00
9.3928e-01 3.3505e+00 3.6499e+00
9.6570e-01 3.3298e+00 3.7091e+00
9.9287e-01 3.3070e+00 3.7728e+00
1.0208e+00 3.2822e+00 3.8412e+00
1.0495e+00 3.2554e+00 3.9145e+00
1.0791e+00 3.2268e+00 3.9931e+00
1.1094e+00 3.1964e+00 4.0770e+00
1.1406e+00 3.1644e+00 4.1666e+00
1.1727e+00 3.1309e+00 4.2620e+00
1.2057e+00 3.0961e+00 4.3635e+00
1.2396e+00 3.0602e+00 4.4712e+00
1.2745e+00 3.0233e+00 4.5854e+00
1.3104e+00 2.9856e+00 4.7062e+00
1.3472e+00 2.9474e+00 4.8338e+00
1.3851e+00 2.9089e+00 4.9683e+00
1.4241e+00 2.8702e+00 5.1099e+00
1.4642e+00 2.8316e+00 5.2586e+00
1.5054e+00 2.7933e+00 5.4145e+00
1.5477e+00 2.7555e+00 5.5777e+00
1.5913e+00 2.7183e+00 5.7482e+00
1.6360e+00 2.6820e+00 5.9262e+00
1.6821e+00 2.6466e+00 6.1116e+00
1.7294e+00 2.6125e+00 6.3045e+00
1.7780e+00 2.5796e+00 6.5049e+00
1.8281e+00 2.5481e+00 6.7128e+00
1.8795e+00 2.5180e+00 6.9283e+00
1.9324e+00 2.4896e+00 7.1515e+00
1.9867e+00 2.4629e+00 7.3823e+00
2.0426e+00 2.4379e+00 7.6208e+00
2.1232e+00 2.4147e+00 7.8671e+00
2.1592e+00 2.3934e+00 8.1213e+00
2.2199e+00 2.3740e+00 8.3835e+00
2.2824e+00 2.3565e+00 8.6537e+00
2.3466e+00 2.3410e+00 8.9320e+00
2.4126e+00 2.3276e+00 9.2186e+00
2.4805e+00 2.3163e+00 9.5136e+00
2.5503e+00 2.3070e+00 9.8172e+00
2.6221e+00 2.3000e+00 1.0129e+01
2.6958e+00 2.2951e+00 1.0451e+01
2.7717e+00 2.2924e+00 1.0781e+01
2.8497e+00 2.2921e+00 1.1120e+01
2.9298e+00 2.2940e+00 1.1469e+01
3.0123e+00 2.2984e+00 1.1827e+01
3.0970e+00 2.3052e+00 1.2195e+01
3.1841e+00 2.3145e+00 1.2573e+01
3.2737e+00 2.3264e+00 1.2962e+01
3.3658e+00 2.3409e+00 1.3361e+01
3.4605e+00 2.3582e+00 1.3770e+01
3.5579e+00 2.3783e+00 1.4191e+01
3.6580e+00 2.4013e+00 1.4623e+01
3.7609e+00 2.4273e+00 1.5067e+01
3.8667e+00 2.4564e+00 1.5522e+01
3.9755e+00 2.4888e+00 1.5990e+01
4.0873e+00 2.5246e+00 1.6470e+01
4.2023e+00 2.5638e+00 1.6963e+01
4.3206e+00 2.6068e+00 1.7468e+01
4.4421e+00 2.6535e+00 1.7988e+01
4.5671e+00 2.7041e+00 1.8521e+01
4.6956e+00 2.7589e+00 1.9068e+01
4.8277e+00 2.8181e+00 1.9629e+01
4.9635e+00 2.8817e+00 2.0205e+01
5.1032e+00 2.9501e+00 2.0796e+01
5.2468e+00 3.0234e+00 2.1403e+01
5.3944e+00 3.1019e+00 2.2026e+01
5.5461e+00 3.1858e+00 2.2665e+01
5.7022e+00 3.2754e+00 2.3320e+01
5.8626e+00 3.3710e+00 2.3992e+01
6.0275e+00 3.4728e+00 2.4682e+01
6.1971e+00 3.5811e+00 2.5390e+01
6.3715e+00 3.6963e+00 2.6116e+01
6.5507e+00 3.8187e+00 2.6860e+01
6.7350e+00 3.9487e+00 2.7624e+01
6.9245e+00 4.0866e+00 2.8406e+01
7.1193e+00 4.2328e+00 2.9209e+01
7.3196e+00 4.3877e+00 3.0032e+01
7.5256e+00 4.5517e+00 3.0876e+01
7.7373e+00 4.7254e+00 3.1740e+01
7.9550e+00 4.9091e+00 3.2627e+01
8.1788e+00 5.1034e+00 3.3535e+01
8.4089e+00 5.3087e+00 3.4465e+01
8.6455e+00 5.5256e+00 3.5418e+01
8.8887e+00 5.7546e+00 3.6395e+01
9.1388e+00 5.9964e+00 3.7394e+01
9.3959e+00 6.2515e+00 3.8418e+01
9.6603e+00 6.5205e+00 3.9466e+01
9.9321e+00 6.8041e+00 4.0539e+01
1.0212e+01 7.1029e+00 4.1636e+01
1.0499e+01 7.4177e+00 4.2759e+01
1.0794e+01 7.7492e+00 4.3908e+01
1.1098e+01 8.0980e+00 4.5083e+01
1.1410e+01 8.4651e+00 4.6283e+01
1.1731e+01 8.8510e+00 4.7511e+01
1.2061e+01 9.2568e+00 4.8765e+01
1.2401e+01 9.6831e+00 5.0046e+01
1.2749e+01 1.0131e+01 5.1355e+01
1.3108e+01 1.0601e+01 5.2690e+01
1.3477e+01 1.1094e+01 5.4053e+01
1.3856e+01 1.1611e+01 5.5444e+01
1.4246e+01 1.2154e+01 5.6862e+01
1.4647e+01 1.2722e+01 5.8308e+01
1.5059e+01 1.3317e+01 5.9782e+01
1.5482e+01 1.3940e+01 6.1283e+01
1.5918e+01 1.4592e+01 6.2812e+01
1.6366e+01 1.5274e+01 6.4368e+01
1.6826e+01 1.5986e+01 6.5952e+01
1.7300e+01 1.6730e+01 6.7562e+01
1.7786e+01 1.7506e+01 6.9199e+01
1.8287e+01 1.8316e+01 7.0863e+01
1.8801e+01 1.9161e+01 7.2552e+01
1.9330e+01 2.0041e+01 7.4267e+01
1.9874e+01 2.0957e+01 7.6007e+01
2.0433e+01 2.1910e+01 7.7772e+01
2.1008e+01 2.2902e+01 7.9561e+01
2.1599e+01 2.3932e+01 8.1373e+01
2.2207e+01 2.5001e+01 8.3208e+01
2.2832e+01 2.6111e+01 8.5066e+01
2.3474e+01 2.7261e+01 8.6944e+01
2.4134e+01 2.8454e+01 8.8844e+01
2.4813e+01 2.9688e+01 9.0763e+01
2.5512e+01 3.0965e+01 9.2701e+01
2.6229e+01 3.2284e+01 9.4658e+01
2.6967e+01 3.3648e+01 9.6631e+01
2.7726e+01 3.5054e+01 9.8622e+01
2.8506e+01 3.6505e+01 1.0063e+02
2.9308e+01 3.8000e+01 1.0265e+02
3.0133e+01 3.9540e+01 1.0468e+02
3.0980e+01 4.1123e+01 1.0673e+02
3.1852e+01 4.2751e+01 1.0879e+02
3.2748e+01 4.4423e+01 1.1086e+02
3.3670e+01 4.6139e+01 1.1294e+02
3.4617e+01 4.7899e+01 1.1503e+02
3.5591e+01 4.9702e+01 1.1713e+02
3.6592e+01 5.1548e+01 1.1924e+02
3.7622e+01 5.3437e+01 1.2136e+02
3.8680e+01 5.5369e+01 1.2348e+02
3.9768e+01 5.7342e+01 1.2561e+02
4.0887e+01 5.9356e+01 1.2775e+02
4.2038e+01 6.1411e+01 1.2989e+02
4.3220e+01 6.3506e+01 1.3204e+02
4.4436e+01 6.5641e+01 1.3419e+02
4.5686e+01 6.7814e+01 1.3635e+02
4.6972e+01 7.0025e+01 1.3851e+02
4.8293e+01 7.2273e+01 1.4068e+02
4.9652e+01 7.4558e+01 1.4285e+02
5.1049e+01 7.6879e+01 1.4503e+02
5.2485e+01 7.9235e+01 1.4721e+02
5.3962e+01 8.1626e+01 1.4939e+02
5.5480e+01 8.4050e+01 1.5159e+02
5.7041e+01 8.6508e+01 1.5378e+02
5.8646e+01 8.8998e+01 1.5599e+02
6.0296e+01 9.1521e+01 1.5820e+02
6.1992e+01 9.4075e+01 1.6042e+02

--GaAs Data--

0.2066 1.264 2.472
0.2101 1.288 2.557
0.2138 1.311 2.625
0.2175 1.325 2.710
0.2214 1.349 2.815
0.2254 1.383 2.936
0.2296 1.430 3.079
0.2339 1.499 3.255
0.2384 1.599 3.484
0.2431 1.802 3.795
0.2480 2.273 4.084
0.2530 2.890 4.047
0.2583 3.342 3.770
0.2638 3.598 3.452
0.2695 3.769 3.169
0.2755 3.913 2.919
0.2818 4.015 2.563
0.2883 3.939 2.260
0.2952 3.810 2.069
0.3024 3.692 1.969
0.3100 3.601 1.920
0.3179 3.538 1.904
0.3263 3.501 1.909
0.3351 3.485 1.931
0.3444 3.495 1.965
0.3542 3.531 2.013
0.3647 3.596 2.076
0.3757 3.709 2.162
0.3875 3.938 2.288
0.3999 4.373 2.146
0.4133 4.509 1.948
0.4275 5.052 1.721
0.4428 4.959 0.991
0.4592 4.694 0.696
0.4769 4.492 0.539
0.4959 4.333 0.441
0.5166 4.205 0.371
0.5391 4.100 0.320
0.5636 4.013 0.276
0.5904 3.940 0.240
0.6199 3.878 0.211
0.6525 3.826 0.179
0.6888 3.785 0.151
0.7293 3.742 0.112
0.7749 3.700 0.091
0.8266 3.666 0.080

--GaP Data--

0.2066 1.309 2.690
0.2101 1.327 2.803
0.2138 1.348 2.934
0.2175 1.385 3.096
0.2214 1.444 3.297
0.2254 1.543 3.556
0.2296 1.778 3.889
0.2339 2.249 4.168
0.2384 2.825 4.170
0.2431 3.342 3.975
0.2480 3.661 3.631
0.2530 3.844 3.358
0.2583 4.062 3.096
0.2638 4.181 2.712
0.2695 4.113 2.371
0.2755 3.978 2.180
0.2818 3.867 2.090
0.2883 3.792 2.058
0.2952 3.754 2.063
0.3024 3.752 2.100
0.3100 3.790 2.171
0.3179 3.890 2.303
0.3263 4.196 2.562
0.3351 5.149 2.451
0.3444 5.406 1.368
0.3542 5.050 0.819
0.3647 4.751 0.568
0.3757 4.518 0.426
0.3875 4.339 0.337
0.3999 4.196 0.275
0.4133 4.081 0.224
0.4275 3.990 0.183
0.4428 3.919 0.118
0.4592 3.805 0.027
0.4769 3.691 0.011
0.4959 3.605 0.006
0.5166 3.535 0.004
0.5391 3.474 0.002
0.5636 3.421 0.000
0.5904 3.375 0.000
0.6199 3.334 0.000
0.6525 3.295 0.000
0.6888 3.262 0.000
0.7293 3.234 0.000
0.7749 3.209 0.000
0.8266 3.178 0.000

--Ge Data--

0.2066 1.023 2.774
0.2101 1.108 2.831
0.2138 1.209 2.873
0.2175 1.310 2.866
0.2214 1.360 2.846
0.2254 1.380 2.842
0.2296 1.383 2.854
0.2339 1.371 2.897
0.2384 1.364 2.973
0.2431 1.370 3.073
0.2480 1.394 3.197
0.2530 1.435 3.342
0.2583 1.498 3.509
0.2638 1.586 3.709
0.2695 1.720 3.960
0.2755 1.953 4.297
0.2818 2.516 4.669
0.2883 3.338 4.507
0.2952 3.745 4.009
0.3024 3.869 3.614
0.3100 3.905 3.336
0.3179 3.920 3.137
0.3263 3.936 2.986
0.3351 3.958 2.863
0.3444 3.985 2.759
0.3542 4.020 2.667
0.3647 4.070 2.579
0.3757 4.128 2.469
0.3875 4.157 2.340
0.3999 4.141 2.215
0.4133 4.082 2.145
0.4275 4.037 2.140
0.4428 4.035 2.181
0.4592 4.082 2.240
0.4769 4.180 2.309
0.4959 4.340 2.384
0.5166 4.610 2.455
0.5391 5.062 2.318
0.5636 5.283 2.049
0.5904 5.748 1.634
0.6199 5.588 0.933
0.6525 5.294 0.638
0.6888 5.067 0.500
0.7293 4.897 0.401
0.7749 4.763 0.345
0.8266 4.653 0.298

--Ti Data--

0.188 1.10 1.62
0.192 1.16 1.64
0.195 1.22 1.66
0.199 1.25 1.68
0.203 1.27 1.69
0.207 1.31 1.69
0.212 1.31 1.68
0.216 1.32 1.67
0.221 1.32 1.66
0.226 1.32 1.66
0.231 1.31 1.68
0.237 1.30 1.72
0.243 1.28 1.77
0.249 1.27 1.83
0.255 1.26 1.91
0.262 1.27 1.99
0.269 1.27 2.07
0.276 1.30 2.17
0.284 1.35 2.26
0.292 1.40 2.36
0.301 1.45 2.46
0.311 1.50 2.57
0.320 1.55 2.66
0.332 1.61 2.74
0.342 1.72 2.82
0.354 1.82 2.87
0.368 1.90 2.90
0.381 1.99 2.93
0.397 2.08 2.95
0.413 2.14 2.98
0.431 2.21 3.01
0.451 2.27 3.04
0.471 2.32 3.10
0.496 2.36 3.19
0.521 2.44 3.30
0.549 2.54 3.43
0.582 2.60 3.58
0.617 2.67 3.72
0.659 2.76 3.84
0.704 2.86 3.96
0.756 3.00 4.01
0.821 3.21 4.01
0.892 3.29 3.96
0.984 3.35 3.97
1.088 3.50 4.02
1.216 3.62 4.15
1.393 3.67 4.37
1.610 3.69 4.70
1.937 3.51 5.19

--aSi Data--

1.033E-1 3.27E-1 7.26E-1
1.078E-1 3.63E-1 8.47E-1
1.127E-1 3.92E-1 9.46E-1
1.181E-1 4.23E-1 1.04E+0
1.240E-1 4.59E-1 1.14E+0
1.305E-1 4.97E-1 1.24E+0
1.378E-1 5.43E-1 1.35E+0
1.459E-1 5.97E-1 1.47E+0
1.550E-1 6.60E-1 1.60E+0
1.653E-1 7.35E-1 1.74E+0
1.771E-1 8.32E-1 1.89E+0
1.907E-1 9.51E-1 2.07E+0
2.066E-1 1.11E+0 2.28E+0
2.254E-1 1.35E+0 2.51E+0
2.480E-1 1.69E+0 2.76E+0
2.583E-1 1.86E+0 2.85E+0
2.695E-1 2.07E+0 2.93E+0
2.818E-1 2.30E+0 2.99E+0
2.952E-1 2.56E+0 3.04E+0
3.100E-1 2.87E+0 3.06E+0
3.263E-1 3.21E+0 3.00E+0
3.444E-1 3.55E+0 2.88E+0
3.543E-1 3.73E+0 2.79E+0
3.647E-1 3.90E+0 2.66E+0
3.875E-1 4.17E+0 2.38E+0
4.133E-1 4.38E+0 2.02E+0
4.428E-1 4.47E+0 1.64E+0
4.769E-1 4.49E+0 1.28E+0
4.960E-1 4.47E+0 1.12E+0
5.166E-1 4.46E+0 9.69E-1
5.636E-1 4.36E+0 6.90E-1
6.199E-1 4.23E+0 4.61E-1
6.526E-1 4.17E+0 3.63E-1
6.888E-1 4.09E+0 2.71E-1
7.293E-1 4.01E+0 1.99E-1
7.749E-1 3.93E+0 1.36E-1
8.266E-1 3.86E+0 8.12E-2
8.856E-1 3.77E+0 4.01E-2
9.538E-1 3.68E+0 0.00E+0
1.033E+0 3.61E+0 0.00E+0
1.127E+0 3.57E+0 0.00E+0
1.240E+0 3.54E+0 0.00E+0
1.378E+0 3.50E+0 0.00E+0
1.550E+0 3.48E+0 0.00E+0
1.771E+0 3.45E+0 0.00E+0
2.066E+0 3.44E+0 0.00E+0
